"codon_m01"	"all_count"	"oa_count"	"all_fraction"	"oa_fraction"	"aa"	"tAI"	"anti_codon"	"m"	"ncm5"	"mcm5"	"s2"	"m5"	"pseudoU"
"AAA"	570	292	0.0866920152091255	0.102384291725105	"K"	0.431034	NA	NA	NA	"mcm5"	"s2"	NA	NA
"AAC"	209	109	0.031787072243346	0.038218793828892	"N"	0.615764	NA	NA	NA	NA	NA	NA	NA
"AAG"	178	77	0.0270722433460076	0.0269985974754558	"K"	1	NA	NA	NA	NA	NA	NA	NA
"AAU"	250	109	0.0380228136882129	0.038218793828892	"N"	0.27032	"G-U"	NA	NA	NA	NA	NA	NA
"ACA"	91	30	0.0138403041825095	0.0105189340813464	"T"	0.246373	NA	NA	"ncm5"	NA	NA	NA	NA
"ACC"	47	18	0.00714828897338403	0.00631136044880785	"T"	0.487685	"I-C"	NA	NA	NA	NA	NA	NA
"ACG"	46	10	0.00699619771863118	0.00350631136044881	"T"	0.140394	NA	NA	NA	NA	NA	NA	NA
"ACU"	79	31	0.0120152091254753	0.0108695652173913	"T"	0.67734	"I-U"	NA	NA	NA	NA	NA	NA
"AGA"	106	44	0.0161216730038023	0.0154277699859748	"R"	0.67734	NA	NA	NA	"mcm5"	NA	NA	NA
"AGC"	76	21	0.0115589353612167	0.0073632538569425	"S"	0.123153	NA	NA	NA	NA	NA	NA	NA
"AGG"	79	32	0.0120152091254753	0.0112201963534362	"R"	0.278325	NA	NA	NA	NA	NA	NA	NA
"AGU"	85	35	0.0129277566539924	0.0122720897615708	"S"	0.054064	"G-U"	NA	NA	NA	NA	NA	NA
"AUA"	203	75	0.0308745247148289	0.0262973352033661	"I"	0.123233	NA	NA	NA	NA	NA	NA	"pseudoU"
"AUC"	71	27	0.0107984790874525	0.00946704067321178	"I"	0.576355	"I-C"	NA	NA	NA	NA	NA	NA
"AUG"	147	62	0.0223574144486692	0.0217391304347826	"M"	NA	NA	NA	NA	NA	NA	NA	NA
"AUU"	191	79	0.0290494296577947	0.0276998597475456	"I"	0.800493	"I-U"	NA	NA	NA	NA	NA	NA
"CAA"	198	93	0.0301140684410646	0.0326086956521739	"Q"	0.554187	NA	NA	NA	"mcm5"	"s2"	NA	NA
"CAC"	54	17	0.00821292775665399	0.00596072931276297	"H"	0.431034	NA	NA	NA	NA	NA	NA	NA
"CAG"	94	46	0.0142965779467681	0.0161290322580645	"Q"	0.238916	NA	NA	NA	NA	NA	NA	NA
"CAU"	108	44	0.016425855513308	0.0154277699859748	"H"	0.189224	"G-U"	NA	NA	NA	NA	NA	NA
"CCA"	63	26	0.00958174904942966	0.0091164095371669	"P"	0.615776	NA	NA	"ncm5"	NA	NA	NA	NA
"CCC"	16	4	0.00243346007604563	0.00140252454417952	"P"	0.08867	"I-C"	NA	NA	NA	NA	NA	NA
"CCG"	18	6	0.00273764258555133	0.00210378681626928	"P"	0.197044	"U-G"	NA	"ncm5"	NA	NA	NA	NA
"CCU"	56	21	0.0085171102661597	0.0073632538569425	"P"	0.123153	"I-U"	NA	NA	NA	NA	NA	NA
"CGA"	27	10	0.004106463878327	0.00350631136044881	"R"	3.7e-05	"I-A"	NA	NA	NA	NA	NA	NA
"CGC"	22	9	0.00334600760456274	0.00315568022440393	"R"	0.26601	"I-C"	NA	NA	NA	NA	NA	NA
"CGG"	21	4	0.00319391634980989	0.00140252454417952	"R"	0.061576	NA	NA	NA	NA	NA	NA	NA
"CGU"	78	41	0.0118631178707224	0.0143758765778401	"R"	0.369458	"I-U"	NA	NA	NA	NA	NA	NA
"CUA"	92	35	0.0139923954372624	0.0122720897615708	"L"	0.184729	NA	NA	NA	NA	NA	NA	NA
"CUC"	41	14	0.00623574144486692	0.00490883590462833	"L"	0.061576	NA	NA	NA	NA	NA	NA	NA
"CUG"	75	27	0.0114068441064639	0.00946704067321178	"L"	0.059113	"U-G"	NA	NA	NA	NA	NA	NA
"CUU"	97	39	0.0147528517110266	0.0136746143057504	"L"	0.027032	"G-U"	NA	NA	NA	NA	NA	NA
"GAA"	268	126	0.0407604562737643	0.044179523141655	"E"	0.862069	NA	NA	NA	"mcm5"	"s2"	NA	NA
"GAC"	114	53	0.0173384030418251	0.0185834502103787	"D"	0.985222	NA	NA	NA	NA	NA	NA	NA
"GAG"	145	63	0.0220532319391635	0.0220897615708275	"E"	0.399015	NA	NA	NA	NA	NA	NA	NA
"GAU"	210	114	0.0319391634980989	0.0399719495091164	"D"	0.432512	"G-U"	NA	NA	NA	NA	NA	NA
"GCA"	106	51	0.0161216730038023	0.0178821879382889	"A"	0.30795	NA	NA	"ncm5"	NA	NA	NA	NA
"GCC"	58	23	0.0088212927756654	0.00806451612903226	"A"	0.487685	"I-C"	NA	NA	NA	NA	NA	NA
"GCG"	30	13	0.00456273764258555	0.00455820476858345	"A"	0.098552	"U-G"	NA	"ncm5"	NA	NA	NA	NA
"GCU"	144	92	0.0219011406844106	0.032258064516129	"A"	0.67734	"I-U"	NA	NA	NA	NA	NA	NA
"GGA"	46	13	0.00699619771863118	0.00455820476858345	"G"	0.184729	NA	NA	NA	"mcm5"	NA	NA	NA
"GGC"	35	18	0.00532319391634981	0.00631136044880785	"G"	0.985222	NA	NA	NA	NA	NA	NA	NA
"GGG"	16	4	0.00243346007604563	0.00140252454417952	"G"	0.182266	NA	NA	NA	NA	NA	NA	NA
"GGU"	71	31	0.0107984790874525	0.0108695652173913	"G"	0.432512	"G-U"	NA	NA	NA	NA	NA	NA
"GUA"	105	47	0.0159695817490494	0.0164796633941094	"V"	0.123239	NA	NA	"ncm5"	NA	NA	NA	NA
"GUC"	44	17	0.00669201520912548	0.00596072931276297	"V"	0.62069	"I-C"	NA	NA	NA	NA	NA	NA
"GUG"	61	24	0.00927756653992395	0.00841514726507714	"V"	0.162562	NA	NA	NA	NA	NA	NA	NA
"GUU"	139	68	0.0211406844106464	0.0238429172510519	"V"	0.862069	"I-U"	NA	NA	NA	NA	NA	NA
"UAC"	109	40	0.0165779467680608	0.0140252454417952	"Y"	0.492611	NA	NA	NA	NA	NA	NA	"pseudoU"
"UAU"	113	45	0.0171863117870722	0.0157784011220196	"Y"	0.216256	"G-U"	NA	NA	NA	NA	NA	"pseudoU"
"UCA"	123	45	0.0187072243346008	0.0157784011220196	"S"	0.184797	NA	NA	"ncm5"	NA	NA	NA	NA
"UCC"	52	21	0.00790874524714829	0.0073632538569425	"S"	0.487685	"I-C"	NA	NA	NA	NA	NA	NA
"UCG"	42	13	0.00638783269961977	0.00455820476858345	"S"	0.12069	NA	NA	NA	NA	NA	NA	NA
"UCU"	88	30	0.013384030418251	0.0105189340813464	"S"	0.67734	"I-U"	NA	NA	NA	NA	NA	NA
"UGC"	31	8	0.0047148288973384	0.00280504908835905	"C"	0.246305	NA	NA	NA	NA	NA	NA	NA
"UGG"	118	48	0.0179467680608365	0.0168302945301543	"W"	0.369458	NA	"m"	NA	NA	NA	NA	NA
"UGU"	78	33	0.0118631178707224	0.0115708274894811	"C"	0.108128	NA	NA	NA	NA	NA	NA	NA
"UUA"	235	105	0.0357414448669202	0.0368162692847125	"L"	0.431034	NA	"m"	"ncm5"	NA	NA	NA	NA
"UUC"	110	41	0.0167300380228137	0.0143758765778401	"F"	0.615764	NA	"m"	NA	NA	NA	NA	NA
"UUG"	157	78	0.0238783269961977	0.0273492286115007	"L"	0.753695	NA	NA	NA	NA	NA	"m5"	NA
"UUU"	239	101	0.0363498098859316	0.035413744740533	"F"	0.27032	"G-U"	"m"	NA	NA	NA	NA	NA
