length	total_percentage	start_percentage	around_start	offset_from_5	offset_from_3	corrected_offset_from_5	corrected_offset_from_3	sample
15	2.314	0.532	TRUE	7	7	7	7	MA25
16	2.352	0.838	TRUE	7	8	7	8	MA25
17	2.124	0.814	TRUE	8	8	8	8	MA25
18	2.152	1.145	TRUE	12	5	12	5	MA25
19	2.459	1.859	TRUE	13	5	13	5	MA25
20	5.376	3.7	TRUE	12	7	12	7	MA25
21	13.992	8.51	TRUE	12	8	12	8	MA25
22	17.639	11.637	TRUE	13	8	13	8	MA25
23	7.588	7.317	TRUE	13	9	14	8	MA25
24	2.201	3.628	TRUE	14	9	14	9	MA25
25	1.378	2.475	TRUE	7	17	7	17	MA25
26	1.214	1.933	TRUE	9	16	9	16	MA25
27	1.6	2.214	TRUE	11	15	11	15	MA25
28	4.286	5.704	TRUE	12	15	12	15	MA25
29	9.314	11.795	TRUE	13	15	13	15	MA25
30	9.917	14.309	TRUE	13	16	13	16	MA25
31	7.572	12.131	TRUE	13	17	13	17	MA25
32	4.198	6.874	TRUE	13	18	13	18	MA25
33	1.229	2.107	TRUE	14	18	14	18	MA25
34	0.226	0.297	TRUE	15	18	15	18	MA25
35	0.085	0.041	TRUE	14	20	14	20	MA25
36	0.062	0.015	TRUE	18	17	18	17	MA25
37	0.054	0.016	TRUE	15	21	15	21	MA25
38	0.047	0.017	TRUE	19	18	19	18	MA25
39	0.045	0.012	TRUE	25	13	25	13	MA25
40	0.037	0.011	TRUE	21	18	21	18	MA25
41	0.031	0.008	TRUE	10	30	10	30	MA25
42	0.028	0.007	TRUE	17	24	17	24	MA25
43	0.024	0.005	TRUE	13	29	13	29	MA25
44	0.02	0.006	TRUE	13	30	13	30	MA25
45	0.02	0.002	TRUE	30	14	30	14	MA25
46	0.018	0.003	TRUE	35	10	35	10	MA25
47	0.015	0.002	TRUE	29	17	29	17	MA25
48	0.016	0.001	TRUE	37	10	37	10	MA25
49	0.014	0	FALSE	NA	NA	NA	NA	MA25
50	0.014	0.002	TRUE	44	5	44	5	MA25
51	0.015	0.004	TRUE	33	17	33	17	MA25
52	0.017	0.002	TRUE	30	21	30	21	MA25
53	0.02	0.003	TRUE	44	8	44	8	MA25
54	0.034	0.007	TRUE	10	43	10	43	MA25
55	0.039	0	FALSE	NA	NA	NA	NA	MA25
56	0.027	0.001	TRUE	10	45	10	45	MA25
57	0.032	0.001	TRUE	46	10	46	10	MA25
58	0.038	0.005	TRUE	50	7	50	7	MA25
59	0.023	0.004	TRUE	41	17	41	17	MA25
60	0.015	0.002	TRUE	40	19	40	19	MA25
61	0.017	0.002	TRUE	44	16	44	16	MA25
62	0.021	0.002	TRUE	38	23	38	23	MA25
63	0.022	0.002	TRUE	56	6	56	6	MA25
64	0.021	0.002	TRUE	58	5	58	5	MA25
15	2.838	0.664	TRUE	6	8	6	8	MA37
16	3.068	0.853	TRUE	7	8	7	8	MA37
17	2.973	0.925	TRUE	8	8	8	8	MA37
18	2.699	1.266	TRUE	9	8	9	8	MA37
19	2.775	2.331	TRUE	13	5	13	5	MA37
20	5.179	5.248	TRUE	12	7	12	7	MA37
21	13.032	11.975	TRUE	13	7	12	8	MA37
22	17.961	16.627	TRUE	13	8	13	8	MA37
23	9.295	10.339	TRUE	14	8	14	8	MA37
24	2.738	3.954	TRUE	14	9	14	9	MA37
25	1.499	2.098	TRUE	13	11	13	11	MA37
26	1.295	1.724	TRUE	9	16	9	16	MA37
27	1.482	1.81	TRUE	11	15	11	15	MA37
28	2.549	3.305	TRUE	12	15	12	15	MA37
29	5.226	6.883	TRUE	13	15	13	15	MA37
30	6.795	9.764	TRUE	13	16	13	16	MA37
31	6.083	9.279	TRUE	13	17	13	17	MA37
32	4.284	6.604	TRUE	13	18	13	18	MA37
33	2.033	3.087	TRUE	14	18	14	18	MA37
34	0.711	0.706	TRUE	14	19	14	19	MA37
35	0.345	0.108	TRUE	15	19	15	19	MA37
36	0.259	0.03	TRUE	15	20	15	20	MA37
37	0.233	0.024	TRUE	13	23	13	23	MA37
38	0.214	0.021	TRUE	13	24	13	24	MA37
39	0.21	0.017	TRUE	14	24	14	24	MA37
40	0.176	0.014	TRUE	13	26	13	26	MA37
41	0.156	0.016	TRUE	13	27	13	27	MA37
42	0.153	0.013	TRUE	13	28	13	28	MA37
43	0.137	0.013	TRUE	13	29	13	29	MA37
44	0.122	0.01	TRUE	13	30	13	30	MA37
45	0.12	0.009	TRUE	13	31	13	31	MA37
46	0.104	0.009	TRUE	13	32	13	32	MA37
47	0.108	0.006	TRUE	14	32	14	32	MA37
48	0.109	0.007	TRUE	41	6	41	6	MA37
49	0.11	0.009	TRUE	36	12	36	12	MA37
50	0.174	0.022	TRUE	41	8	41	8	MA37
51	0.351	0.049	TRUE	42	8	42	8	MA37
52	0.479	0.056	TRUE	42	9	42	9	MA37
53	0.321	0.03	TRUE	43	9	43	9	MA37
54	0.25	0.021	TRUE	48	5	48	5	MA37
55	0.296	0.021	TRUE	48	6	48	6	MA37
56	0.199	0.011	TRUE	49	6	49	6	MA37
57	0.113	0.006	TRUE	11	45	11	45	MA37
58	0.11	0.006	TRUE	49	8	49	8	MA37
59	0.119	0.006	TRUE	44	14	44	14	MA37
60	0.121	0.004	TRUE	53	6	53	6	MA37
61	0.121	0.005	TRUE	43	17	43	17	MA37
62	0.117	0.006	TRUE	44	17	44	17	MA37
63	0.09	0.003	TRUE	57	5	57	5	MA37
64	0.067	0.003	TRUE	53	10	53	10	MA37
15	1.224	0.364	TRUE	7	7	7	7	MB25
16	1.254	0.528	TRUE	7	8	7	8	MB25
17	1.228	0.569	TRUE	8	8	8	8	MB25
18	1.372	0.803	TRUE	12	5	12	5	MB25
19	2.031	1.679	TRUE	13	5	13	5	MB25
20	7.39	4.393	TRUE	12	7	12	7	MB25
21	21.465	11.638	TRUE	12	8	13	7	MB25
22	25.888	15.726	TRUE	13	8	13	8	MB25
23	9.514	9.177	TRUE	13	9	14	8	MB25
24	1.806	3.474	TRUE	14	9	14	9	MB25
25	0.841	1.599	TRUE	13	11	13	11	MB25
26	0.771	1.248	TRUE	9	16	9	16	MB25
27	1.113	1.507	TRUE	11	15	11	15	MB25
28	2.914	4.415	TRUE	12	15	12	15	MB25
29	6.26	10.422	TRUE	13	15	13	15	MB25
30	6.573	13.368	TRUE	13	16	13	16	MB25
31	4.597	10.506	TRUE	13	17	13	17	MB25
32	2.445	6.091	TRUE	13	18	13	18	MB25
33	0.73	2.054	TRUE	14	18	14	18	MB25
34	0.134	0.265	TRUE	14	19	14	19	MB25
35	0.044	0.056	TRUE	14	20	14	20	MB25
36	0.027	0.013	TRUE	14	21	14	21	MB25
37	0.022	0.013	TRUE	6	30	6	30	MB25
38	0.019	0.005	TRUE	20	17	20	17	MB25
39	0.017	0.006	TRUE	7	31	7	31	MB25
40	0.014	0.005	TRUE	14	25	14	25	MB25
41	0.011	0.008	TRUE	25	15	25	15	MB25
42	0.01	0.006	TRUE	24	17	24	17	MB25
43	0.008	0.002	TRUE	13	29	13	29	MB25
44	0.006	0	FALSE	NA	NA	NA	NA	MB25
45	0.006	0.002	TRUE	11	33	11	33	MB25
46	0.005	0.002	TRUE	27	18	27	18	MB25
47	0.004	0.003	TRUE	21	25	21	25	MB25
48	0.004	0.002	TRUE	29	18	29	18	MB25
49	0.004	0.002	TRUE	16	32	16	32	MB25
50	0.005	0.002	TRUE	32	17	32	17	MB25
51	0.008	0	FALSE	NA	NA	NA	NA	MB25
52	0.01	0.002	TRUE	9	42	9	42	MB25
53	0.014	0.008	TRUE	39	13	39	13	MB25
54	0.029	0.009	TRUE	40	13	40	13	MB25
55	0.037	0.013	TRUE	41	13	41	13	MB25
56	0.024	0.002	TRUE	28	27	28	27	MB25
57	0.023	0.005	TRUE	13	43	13	43	MB25
58	0.028	0.002	TRUE	41	16	41	16	MB25
59	0.014	0.003	TRUE	13	45	13	45	MB25
60	0.008	0	FALSE	NA	NA	NA	NA	MB25
61	0.01	0.005	TRUE	31	29	31	29	MB25
62	0.013	0.002	TRUE	10	51	10	51	MB25
63	0.014	0.002	TRUE	29	33	29	33	MB25
64	0.013	0	FALSE	NA	NA	NA	NA	MB25
15	1.832	0.428	TRUE	7	7	7	7	MB37
16	2.016	0.512	TRUE	7	8	7	8	MB37
17	1.978	0.629	TRUE	9	7	9	7	MB37
18	1.66	1.02	TRUE	12	5	12	5	MB37
19	2.056	2.722	TRUE	12	6	12	6	MB37
20	6.248	7.471	TRUE	12	7	12	7	MB37
21	16.862	14.937	TRUE	13	7	13	7	MB37
22	20.242	15.829	TRUE	13	8	13	8	MB37
23	8.673	7.795	TRUE	14	8	14	8	MB37
24	2.019	2.648	TRUE	14	9	14	9	MB37
25	1.003	1.393	TRUE	13	11	13	11	MB37
26	0.89	1.188	TRUE	9	16	9	16	MB37
27	1.117	1.4	TRUE	11	15	11	15	MB37
28	2.752	3.643	TRUE	12	15	12	15	MB37
29	6.57	8.5	TRUE	13	15	13	15	MB37
30	7.995	11.559	TRUE	13	16	13	16	MB37
31	5.925	9.147	TRUE	14	16	13	17	MB37
32	3.646	5.591	TRUE	13	18	13	18	MB37
33	1.635	2.495	TRUE	14	18	14	18	MB37
34	0.526	0.555	TRUE	14	19	14	19	MB37
35	0.21	0.085	TRUE	15	19	15	19	MB37
36	0.133	0.032	TRUE	14	21	14	21	MB37
37	0.112	0.02	TRUE	13	23	13	23	MB37
38	0.099	0.014	TRUE	13	24	13	24	MB37
39	0.097	0.011	TRUE	20	18	20	18	MB37
40	0.083	0.011	TRUE	13	26	13	26	MB37
41	0.072	0.012	TRUE	12	28	12	28	MB37
42	0.07	0.012	TRUE	13	28	13	28	MB37
43	0.063	0.012	TRUE	13	29	13	29	MB37
44	0.057	0.01	TRUE	13	30	13	30	MB37
45	0.055	0.007	TRUE	13	31	13	31	MB37
46	0.053	0.006	TRUE	14	31	14	31	MB37
47	0.057	0.006	TRUE	14	32	14	32	MB37
48	0.058	0.007	TRUE	41	6	41	6	MB37
49	0.077	0.01	TRUE	36	12	36	12	MB37
50	0.173	0.026	TRUE	37	12	37	12	MB37
51	0.408	0.056	TRUE	42	8	42	8	MB37
52	0.524	0.061	TRUE	42	9	42	9	MB37
53	0.329	0.03	TRUE	47	5	47	5	MB37
54	0.281	0.03	TRUE	48	5	48	5	MB37
55	0.316	0.027	TRUE	48	6	48	6	MB37
56	0.193	0.015	TRUE	49	6	49	6	MB37
57	0.104	0.008	TRUE	48	8	48	8	MB37
58	0.104	0.006	TRUE	48	9	48	9	MB37
59	0.129	0.006	TRUE	48	10	48	10	MB37
60	0.132	0.006	TRUE	48	11	48	11	MB37
61	0.12	0.005	TRUE	48	12	48	12	MB37
62	0.109	0.005	TRUE	50	11	50	11	MB37
63	0.082	0.002	TRUE	53	9	53	9	MB37
64	0.056	0.003	TRUE	9	54	9	54	MB37
15	1.218	0.26	TRUE	7	7	7	7	WA25
16	1.291	0.427	TRUE	7	8	7	8	WA25
17	1.217	0.459	TRUE	8	8	8	8	WA25
18	1.284	0.726	TRUE	12	5	12	5	WA25
19	1.917	1.357	TRUE	13	5	13	5	WA25
20	8.044	4.552	TRUE	6	13	12	7	WA25
21	21.006	11.787	TRUE	12	8	13	7	WA25
22	21.207	14.249	TRUE	13	8	13	8	WA25
23	7.062	6.431	TRUE	14	8	14	8	WA25
24	1.435	2.203	TRUE	14	9	14	9	WA25
25	0.787	1.248	TRUE	13	11	13	11	WA25
26	0.704	1.162	TRUE	9	16	9	16	WA25
27	1.093	1.582	TRUE	11	15	11	15	WA25
28	3.991	6.413	TRUE	12	15	12	15	WA25
29	9.494	14.568	TRUE	13	15	13	15	WA25
30	9.24	15.992	TRUE	13	16	13	16	WA25
31	5.304	10.241	TRUE	13	17	13	17	WA25
32	2.44	4.778	TRUE	13	18	13	18	WA25
33	0.651	1.333	TRUE	14	18	14	18	WA25
34	0.108	0.138	TRUE	14	19	14	19	WA25
35	0.036	0.021	TRUE	14	20	14	20	WA25
36	0.023	0.011	TRUE	15	20	15	20	WA25
37	0.019	0.008	TRUE	18	18	18	18	WA25
38	0.016	0.004	TRUE	25	12	25	12	WA25
39	0.016	0.003	TRUE	21	17	21	17	WA25
40	0.012	0.007	TRUE	18	21	18	21	WA25
41	0.011	0.006	TRUE	10	30	10	30	WA25
42	0.01	0.003	TRUE	13	28	13	28	WA25
43	0.008	0.003	TRUE	13	29	13	29	WA25
44	0.007	0.004	TRUE	22	21	22	21	WA25
45	0.007	0.002	TRUE	14	30	14	30	WA25
46	0.006	0.001	TRUE	13	32	13	32	WA25
47	0.005	0	FALSE	NA	NA	NA	NA	WA25
48	0.005	0	FALSE	NA	NA	NA	NA	WA25
49	0.005	0	FALSE	NA	NA	NA	NA	WA25
50	0.006	0.002	TRUE	42	7	42	7	WA25
51	0.009	0.001	TRUE	10	40	10	40	WA25
52	0.01	0.001	TRUE	29	22	29	22	WA25
53	0.019	0	FALSE	NA	NA	NA	NA	WA25
54	0.048	0.003	TRUE	10	43	10	43	WA25
55	0.054	0.003	TRUE	11	43	11	43	WA25
56	0.027	0	FALSE	NA	NA	NA	NA	WA25
57	0.029	0.001	TRUE	9	47	9	47	WA25
58	0.034	0.001	TRUE	38	19	38	19	WA25
59	0.017	0.001	TRUE	44	14	44	14	WA25
60	0.01	0.001	TRUE	34	25	34	25	WA25
61	0.012	0.001	TRUE	45	15	45	15	WA25
62	0.018	0.003	TRUE	27	34	27	34	WA25
63	0.018	0.001	TRUE	44	18	44	18	WA25
64	0.014	0.001	TRUE	31	32	31	32	WA25
15	1.26	0.491	TRUE	7	7	7	7	WA37
16	1.475	0.556	TRUE	8	7	8	7	WA37
17	1.295	0.712	TRUE	9	7	9	7	WA37
18	1.252	1.43	TRUE	12	5	12	5	WA37
19	1.933	4.138	TRUE	12	6	12	6	WA37
20	9.131	12.723	TRUE	12	7	12	7	WA37
21	13.998	14.54	TRUE	13	7	13	7	WA37
22	7.118	6.878	TRUE	13	8	13	8	WA37
23	1.761	2.001	TRUE	13	9	13	9	WA37
24	0.831	1.125	TRUE	13	10	13	10	WA37
25	0.882	1.013	TRUE	9	15	9	15	WA37
26	1.05	1.047	TRUE	10	15	10	15	WA37
27	2.283	2.312	TRUE	11	15	11	15	WA37
28	15.506	14.025	TRUE	12	15	12	15	WA37
29	25.397	23.045	TRUE	13	15	13	15	WA37
30	11.227	11.134	TRUE	13	16	13	16	WA37
31	2.319	2.23	TRUE	13	17	13	17	WA37
32	0.548	0.439	TRUE	13	18	13	18	WA37
33	0.112	0.07	TRUE	14	18	14	18	WA37
34	0.037	0.022	TRUE	23	10	23	10	WA37
35	0.03	0.004	TRUE	19	15	19	15	WA37
36	0.022	0.003	TRUE	15	20	15	20	WA37
37	0.018	0.007	TRUE	21	15	21	15	WA37
38	0.014	0	FALSE	NA	NA	NA	NA	WA37
39	0.015	0.003	TRUE	17	21	17	21	WA37
40	0.012	0.003	TRUE	14	25	14	25	WA37
41	0.01	0	FALSE	NA	NA	NA	NA	WA37
42	0.01	0.003	TRUE	22	19	22	19	WA37
43	0.009	0.005	TRUE	13	29	13	29	WA37
44	0.008	0	FALSE	NA	NA	NA	NA	WA37
45	0.008	0.003	TRUE	12	32	12	32	WA37
46	0.008	0.003	TRUE	14	31	14	31	WA37
47	0.006	0	FALSE	NA	NA	NA	NA	WA37
48	0.006	0	FALSE	NA	NA	NA	NA	WA37
49	0.006	0	FALSE	NA	NA	NA	NA	WA37
50	0.009	0	FALSE	NA	NA	NA	NA	WA37
51	0.012	0.004	TRUE	28	22	28	22	WA37
52	0.011	0.004	TRUE	38	13	38	13	WA37
53	0.027	0	FALSE	NA	NA	NA	NA	WA37
54	0.055	0.001	TRUE	42	11	42	11	WA37
55	0.041	0.004	TRUE	22	32	22	32	WA37
56	0.018	0.001	TRUE	17	38	17	38	WA37
57	0.023	0	FALSE	NA	NA	NA	NA	WA37
58	0.033	0.004	TRUE	42	15	42	15	WA37
59	0.03	0.001	TRUE	6	52	6	52	WA37
60	0.017	0.005	TRUE	46	13	46	13	WA37
61	0.038	0.004	TRUE	48	12	48	12	WA37
62	0.056	0.007	TRUE	26	35	26	35	WA37
63	0.024	0.003	TRUE	21	41	21	41	WA37
64	0.009	0	FALSE	NA	NA	NA	NA	WA37
15	1.252	0.412	TRUE	7	7	7	7	WB25
16	1.34	0.651	TRUE	7	8	7	8	WB25
17	1.312	0.628	TRUE	9	7	9	7	WB25
18	1.505	0.996	TRUE	12	5	12	5	WB25
19	2.807	2.435	TRUE	12	6	12	6	WB25
20	16.834	10.369	TRUE	6	13	12	7	WB25
21	35.942	21.596	TRUE	7	13	13	7	WB25
22	25.575	18.116	TRUE	7	14	13	8	WB25
23	4.599	5.186	TRUE	8	14	14	8	WB25
24	0.45	1.271	TRUE	14	9	14	9	WB25
25	0.25	0.942	TRUE	13	11	13	11	WB25
26	0.255	0.827	TRUE	9	16	9	16	WB25
27	0.381	1.206	TRUE	11	15	11	15	WB25
28	1.229	5.001	TRUE	12	15	12	15	WB25
29	2.492	11.547	TRUE	13	15	13	15	WB25
30	2.004	10.896	TRUE	13	16	13	16	WB25
31	0.889	5.253	TRUE	13	17	13	17	WB25
32	0.358	1.944	TRUE	13	18	13	18	WB25
33	0.106	0.527	TRUE	14	18	14	18	WB25
34	0.038	0.056	TRUE	14	19	14	19	WB25
35	0.023	0.022	TRUE	15	19	15	19	WB25
36	0.015	0.006	TRUE	23	12	23	12	WB25
37	0.012	0.017	TRUE	14	22	14	22	WB25
38	0.011	0.011	TRUE	26	11	26	11	WB25
39	0.011	0.006	TRUE	17	21	17	21	WB25
40	0.008	0.003	TRUE	13	26	13	26	WB25
41	0.007	0	FALSE	NA	NA	NA	NA	WB25
42	0.007	0.006	TRUE	21	20	21	20	WB25
43	0.005	0.008	TRUE	11	31	11	31	WB25
44	0.004	0.003	TRUE	17	26	17	26	WB25
45	0.004	0	FALSE	NA	NA	NA	NA	WB25
46	0.003	0.006	TRUE	25	20	25	20	WB25
47	0.003	0	FALSE	NA	NA	NA	NA	WB25
48	0.003	0.003	TRUE	13	34	13	34	WB25
49	0.004	0.003	TRUE	18	30	18	30	WB25
50	0.006	0.006	TRUE	17	32	17	32	WB25
51	0.011	0.003	TRUE	35	15	35	15	WB25
52	0.013	0.003	TRUE	33	18	33	18	WB25
53	0.032	0	FALSE	NA	NA	NA	NA	WB25
54	0.07	0.014	TRUE	11	42	11	42	WB25
55	0.055	0.003	TRUE	41	13	41	13	WB25
56	0.019	0.003	TRUE	10	45	10	45	WB25
57	0.011	0.003	TRUE	10	46	10	46	WB25
58	0.01	0	FALSE	NA	NA	NA	NA	WB25
59	0.006	0.006	TRUE	43	15	43	15	WB25
60	0.004	0	FALSE	NA	NA	NA	NA	WB25
61	0.005	0.003	TRUE	43	17	43	17	WB25
62	0.009	0	FALSE	NA	NA	NA	NA	WB25
63	0.006	0.006	TRUE	21	41	21	41	WB25
64	0.004	0	FALSE	NA	NA	NA	NA	WB25
15	1.087	0.335	TRUE	7	7	7	7	WB37
16	1.254	0.442	TRUE	8	7	8	7	WB37
17	1.186	0.514	TRUE	9	7	9	7	WB37
18	1.157	0.917	TRUE	12	5	12	5	WB37
19	1.702	2.7	TRUE	12	6	12	6	WB37
20	8.029	9.671	TRUE	12	7	12	7	WB37
21	17.093	15.384	TRUE	13	7	13	7	WB37
22	12.836	10.422	TRUE	13	8	13	8	WB37
23	3.597	3.592	TRUE	14	8	14	8	WB37
24	0.935	1.42	TRUE	13	10	13	10	WB37
25	0.741	0.989	TRUE	13	11	13	11	WB37
26	0.79	1.053	TRUE	9	16	9	16	WB37
27	1.384	1.593	TRUE	11	15	11	15	WB37
28	7.545	7.972	TRUE	12	15	12	15	WB37
29	17.862	17.784	TRUE	13	15	13	15	WB37
30	14.433	16.295	TRUE	13	16	13	16	WB37
31	5.491	6.345	TRUE	14	16	14	16	WB37
32	1.725	1.88	TRUE	13	18	13	18	WB37
33	0.418	0.488	TRUE	14	18	14	18	WB37
34	0.087	0.083	TRUE	14	19	14	19	WB37
35	0.04	0.013	TRUE	13	21	13	21	WB37
36	0.027	0.013	TRUE	13	22	13	22	WB37
37	0.022	0.01	TRUE	21	15	21	15	WB37
38	0.018	0.005	TRUE	13	24	13	24	WB37
39	0.017	0.007	TRUE	12	26	12	26	WB37
40	0.013	0.004	TRUE	23	16	23	16	WB37
41	0.012	0.007	TRUE	13	27	13	27	WB37
42	0.011	0.005	TRUE	13	28	13	28	WB37
43	0.01	0.006	TRUE	13	29	13	29	WB37
44	0.009	0.004	TRUE	14	29	14	29	WB37
45	0.008	0.005	TRUE	12	32	12	32	WB37
46	0.008	0.007	TRUE	13	32	13	32	WB37
47	0.006	0.003	TRUE	31	15	31	15	WB37
48	0.006	0	FALSE	NA	NA	NA	NA	WB37
49	0.006	0.001	TRUE	9	39	9	39	WB37
50	0.008	0.001	TRUE	17	32	17	32	WB37
51	0.013	0.005	TRUE	34	16	34	16	WB37
52	0.013	0.002	TRUE	25	26	25	26	WB37
53	0.024	0.002	TRUE	22	30	22	30	WB37
54	0.055	0.003	TRUE	25	28	25	28	WB37
55	0.051	0.003	TRUE	22	32	22	32	WB37
56	0.023	0	FALSE	NA	NA	NA	NA	WB37
57	0.024	0.004	TRUE	44	12	44	12	WB37
58	0.032	0.001	TRUE	41	16	41	16	WB37
59	0.028	0.001	TRUE	44	14	44	14	WB37
60	0.021	0.003	TRUE	31	28	31	28	WB37
61	0.029	0.005	TRUE	28	32	28	32	WB37
62	0.053	0.001	TRUE	30	31	30	31	WB37
63	0.041	0.002	TRUE	35	27	35	27	WB37
64	0.02	0.002	TRUE	35	28	35	28	WB37
